5
5
5
100
100
0
100
200
0
100
300
0
100
400
0
100
500
0
200
100
0
200
200
0
200
300
0
200
400
0
200
500
0
300
100
0
300
200
0
300
300
0
300
400
0
300
500
0
400
100
0
400
200
0
400
300
0
400
400
0
400
500
0
500
100
0
500
200
0
500
300
0
500
400
0
500
500
0
100
100
100
100
200
100
100
300
100
100
400
100
-60.7768
-303.884
100
200
100
100
200
200
100
200
300
100
200
400
100
200
500
100
300
100
100
300
200
100
300
300
100
300
400
100
300
500
100
400
100
100
400
200
100
400
300
100
400
400
100
400
500
100
-303.884
-60.7768
100
500
200
100
500
300
100
500
400
100
500
500
100
100
100
200
100
200
200
100
300
200
-38.5089
-206.395
200
-137.328
-686.64
61.4182
200
100
200
200
200
200
200
300
200
200
400
200
-29.9201
-208.764
200
300
100
200
300
200
200
300
300
200
300
400
200
300
500
200
-206.395
-38.5089
200
400
200
200
400
300
200
400
400
200
400
500
200
-686.64
-137.328
61.4182
-208.764
-29.9201
200
500
300
200
500
400
200
500
500
200
100
100
300
100
200
300
-12.126
-109.938
300
57.59
-275.507
188.617
21.7036
108.518
-82.525
200
100
300
200
200
300
200
300
300
-196.494
-628.548
300
136.16
-168.205
188.643
-109.938
-12.126
300
300
200
300
300
300
300
300
400
300
12.2806
-118.104
300
-275.507
57.59
188.617
-628.548
-196.494
300
400
300
300
400
400
300
400
500
300
108.518
21.7036
-82.525
-168.205
136.16
188.643
-118.104
12.2806
300
500
400
300
500
500
300
100
100
400
21.8932
-15.9021
400
156.757
-70.0895
341.311
-108.815
-229.221
108.867
168.771
843.856
-180.977
-15.9021
21.8932
400
200
200
400
-323.392
-857.705
400
689.931
773.194
221.307
-111.724
-278.928
112.695
-70.0895
156.757
341.311
-857.705
-323.392
400
300
300
400
-392.192
-969.171
400
350.974
206.565
352.662
-229.221
-108.815
108.867
773.194
689.931
221.307
-969.171
-392.192
400
400
400
400
65.4188
-33.3911
400
843.856
168.771
-180.977
-278.928
-111.724
112.695
206.565
350.974
352.662
-33.3911
65.4188
400
500
500
400
